
 0.09
 0
 0
 0
 0
 0
 0
 0
 0
 0
 0
 0
 0
 0
 0
 0
 0
 0
 0
 0
 0
 0
 0
 0
 0
 0
 0
 0
 0
 0
 0
 0
 0
 0
 0
 0
 0
 0
 0
 0
 0
 0
 0
 0
 0
 0
 0
 0
 0
 0
 0
 0
 0
 0
 0
 0.58
 0
 0
 0.39
 1.16
 1.16
 2.82
 0
 2.35
 0
 7.05
 2.82
 0
 0
 0
 0.71
 0
 0
 0
 0
 0.56
 0
 0
 0
 0
 0
 0.47
 0
 0
 2.35
 0
 3.52
 2.82
 4.9
 0
 0
 0
 0.13
 Infinity
 0
 0
 0.08
 1.16
 2.82
 0
 3.52
 1.41
 0
 0
 0
 0.39
 0
 0
 0
 0
 0
 0.19
 4.9
 0
 0.33
 0
 0
 2.35
 Infinity
 0.14
 0
 0
 0.05
 0
 0
 0.32
 0
 0.32
 0
 0
 0
 0.32
 3.78
 1.09
 4.02
 0
 0.79
 1.59
 0
 0
 0
 0.05
 0.18
 0
 0
 1.34
 0
 1.42
 0
 0
 1.67
 0
 0
 0
 0
 0
 0
 0
 0
 0.84
 0
 3.34
 0
 0.09
 1.59
 0
 0
 0.02
 0
 0
 0.02
 1.59
 0.18
 0
 0.09
 0.57
 0
 0
 0
 0.42
 Infinity
 0.18
 0.18
 0
 0
 0
 1.34
 0
 0
 0
 0
 0
 0
 0
 0
 0
 0
 0.68
 0.09
 0
 0.18
 0
 0
 0
 0
 0
 0
 0.02
 0
 0
 0
 0.05
 0
 1.59
 0.07
 0.07
 0
 0
 0.53
 2.86
 1.19
 1.93
 Infinity
 3.34
 0
 6.68
 0
 0
 0
 0
 0
 0
 0
 0
 0
 0
 0
 0
 0
 0
 0
 0
 0.39
 3.34
 0
 0
 1.42
 0
 0
 0.71
 0
 0
 3.34
 0
 0
 2.23
 0
 1.42
 0
 0
 0
 0
 0
 0.47
 0
 0
 2.23
 0
 0
 0
 0.05
 0
 0
 0.06
 0
 3.34
 0
 0
 0
 0
 1.11
 0
 6.68
 5.28
 0
 1.15
 4.03
 0
 0
 0
 0
 0
 0.09
 0
 0
 0
 0.22
 0
 3.07
 0
 0
 0
 0
 0
 0
 0
 0.46
 0
 1.15
 0
 0
 0.76
 2.29
 2.29
 0
 0
 0
 0
 0
 0
 0
 0
 0
 0
 0.14
 0
 0
 0
 0
 0
 0
 0
 0.19
 0
 0.77
 1.25
 0
 0.48
 0
 0
 0.32
 0
 0
 0
 0
 0
 0
 0.88
 0
 0
 0.35
 0
 0
 0
 0.55
 2.88
 0
 0
 0.96
 2.19
 0
 0.53
 0.003552448655539232
 1.062400088262414
 1.062400088262414
 0
 0
 0
 0
 0.2124800176524828
 0
 0.531200044131207
 1.062400088262414
 1.062400088262414
 0
 0
 0
 0
 0.2124800176524828
 0
 0
 0.7295048735856194
 0
 1.4407222545884308
 0
 3.5684907923208566
 0
 0
 0
 0
 0
 1.189496930773619
 0
 0
 2.378993861547238
 0
 0
 0.22758845172718992
 0.6827653551815698
 0
 0
 0
 0
 0
 0
 0
 0.8921226980802142
 0.003552450195625556
 0
 3.5684907923208566
 7.298747096364156
 5.717441285721258
 5.524798264098561
 0
 0
 0
 0
 0
 0.9207997106830935
 1.0681432312105656
 0
 3.4038561786029
 0
 0
 0.05081346310867718
 1.5718598324853246
 0
 3.884709571995687
 0
 0
 0.5256726461011297
 0
 0
 0.7798564932207509
 8.560156035045026
 0
 0
 0.20314596560417017
 0
 0.46330622698314744
 0.7891855354562132
 0
 0
 0
 1.6324709434586377
 0
 0
 0
 0
 0
 0.013120250843583916
 0
 0
 0
 0
 0
 0
 0
 0
 0
 0
 0
 0
 0
 0
 0
 0
 0
 0
 0
 0.09234825885339631
 0
 0
 0
 0
 0
 0
 0
 0
 0
 0
 0
 0
 0.031859699248565194
 0
 0
 0
 0
 0
 0
 0
 0
 0
 0
 0
 0
 0
 0
 0
 0
 0
 0
 0
 0
 0
 0
 0
 0
 0
 0
 0
 0
 0
 0
 0
 0
 0
 0
 0
 0
 0
 0
 0
 0
 0
 0
 0
 0
 0
 0
 0
 0
 0.24895340240109892
 0.49790680480219784
 0.003552447865570764
 1.1081791062407558
 0
 0
 0
 0
 0
 0
 0
 0
 0
 0
 0.22163582124815115
 0
 0
 0
 1.6585869862581715
 6.634347945032686
 0
 0
 0
 0
 1.3268695890065372
 0
 0
 0
 0
 0
 0
 0
 0
 0
 0
 0.12894713162461388
 7.644083213107237
 0
 0
 0
 0
 1.0041625955634792
 6.024975573380875
 0
 0
 0
 0
 0.029012094454210546
 0
 0
 0
 0
 0
 0
 0
 0
 0
 0
 0
 0
 0
 0
 0
 0
 0
 0
 0
 0
 0
 0
 0
 0
 0
 0
 0
 0
 0
 0
 0
 0
 0
 0
 0
 0
 0
 0
 0
 0
 0
 0
 0
 0
 0
 0
 0
 0
 0
 0
 0
 0
 0
 0
 0
 0
 0
 0
 0
 0
 0
 0
 0
 0
 0
 0
 0
 0
 0
 0
 0
 0
 0
 0
 0
 0
 0
 0
 0
 0
 0
 0
 0
 0
 0
 0
 0
 0
 0
 0
 0
 0
 0
 0
 0
 0
 0
 0
 0
 0
 0
 0
 0
 0
 0
 0
 0
 0
 0
 0
 0
 0
 0
 0
 0
 0
 0
 0
 0
 0
 0
 0
 0
 0
 0
 0
 0
 0
 0
 0
 0
 0
 0
 0
 0
 0
 0
 0
 0
 0
 0
 0
 0
 0
 0
 0
 0
 0
 0
 0
 0
 0
 0
 0
 0
 0
 0
 0
 0
 0
 0
 0
 0
 0
 0
 0
 0
 0
 0
 0
 0
 0
 0
 0
 0
 0
 0
 0
 0
 0
 0
 0
 0
 0
 0
 0
 0
 0
 0
 0
 0.004593950324804897
 0
 0
 0
 0
 0
 0
 0
 0
 0
 0
 0
 0
 0
 0
 0
 0
 0
 0
 0
 0
 0
 0
 0
 0
 0
 0
 0
 0
 0
 0
 0
 0
 0
 0
 0
 0
 0
 0
 0
 0
 0
 0
 0
 0
 0
 0
 0
 0
 0
 0
 0
 0
 0
 0
 0
 0
 0
 0
 0
 0
 0
 0
 0
 0
 0
 0
 0
 0
 0
 0
 0
 0
 0
 0
 0
 0
 0
 0
 0
 0
 0
 0
 0
 0
 0
 0
 0
 0
 0
 0
 0
 0
 0
 0
 0
 0
 0
 0
 0
 0
 0
 0
 0
 0
 0
 0
 0
 0
 0
 0
 0
 0
 0
 0
 0
 0
 0
 0
 0
 0
 0
 0
 0
 0
 0
 0
 0
 0
 0
 0
 0
 0
 0
 0
 0
 0
 0
 0
 0
 0
 0
 0
 0
 0
 0
 0
 0
 0
 0
 0
 0
 0
 0
 0
 0
 0
 0
 0
 0
 0
 0
 0
 0
 0
 0
 0
 0
 0
 0
 0
 0
 0
 0
 0
 0
 0
 0
 0
 0
 0
 0
 0
 0
 0
 0
 0
 0
 0
 0
 0
 0
 0
 0
 0
 0
 0
 0
 0
 0
 0
 0
 0
 0
 0
 0
 0
 0
 0
 0
 0
 0
 0
 0
 0
 0
 0
 0
 0
 0
 0
 0
 0
 0
 0
 0
 0
 0
 0
 0
 0
 0
 0
 0
 0
 0
 0
 0
 0
 0
 0
 0
 0
 0
 0
 0
 0
 0
 0
 0
 0
 0
 0
 0
 0
 0
 0
 0
 0
 0
 0
 0
 0
 0
 0
 0
 0
 0
 0
 0
 0
 0
 0
 0
 0
 0
 0
 0
 0
 0
 0
 0
 0
 0
 0
 0
 0
 0
 0
 0
 0
 0
 0
 0
 0
 0
 0
 0
 0
 0
 0
 0
 0
 0
 0
 0
 0
 0
 0
 0
 0
 0
 0
 0
 0
 0
 0
 0
 0
 0
 0
 0
 0
 0
 0
 0
 0
 0
 0
 0
 0
 0
 0
 0
 0
 0
 0
 0
 0
 0
 0
 0
 0
 0
 0
 0
 0
 0
 0
 0
 0
 0
 0
 0
 0
 0
 0
 0
 0
 0
 0
 0
 0
 0
 0
 0
 0
 0
 0
 0
 0
 0
 0
 0
 0
 0
 0
 0
 0
 0
 0
 0
 0
 0
 0
 0
 0
 0
 0
 0
 0
 0
 0
 0
 0
 0
 0
 0
 0
 0
 0
 0
 0
 0
 0
 0
 0
 0
 0
 0
 0
 0
 0
 0
 0
 0
 0
 0
 0
 0
 0
 0
 0
 0
 0
 0
 0
 0
 0
 0
 0
 0
 0
 0
 0
 0
 0
 0
 0
 0
 0
 0
 0
 0
 0
 0
 0
 0
 0
 0
 0
 0
 0
 0
 0
 0
 0
 0
 0
 0
 0
 0
 0
 0
 0
 0
 0
 0
 0
 0
 0
 0
 0
 0
 0
 0
 0
 0
 0
 0
 0
 0
 0
 0
 0
 0
 0
 0
 0
 0
 0
 0
 0
 0
 0
 0
 0
 0
 0
 0
 0
 0
 0
 0
 0
 0
 0
 0
 0
 0
 0
 0
 0
 0
 0
 0
 0
 0
 0
 0
 0
 0
 0
 0
 0
 0
 0
 0
 0
 0
 0
 0
 0
 0
 0
 0
 0
 0
 0
 0
 0
 0
 0
 0
 0
 0
 0
 0
 0
 0
 0
 0
 0
 0
 0
 0
 0
 0
 0
 0
 0
 0
 0
 0
 0
 0
 0
 0
 0
 0
 0
 0
 0
 0
 0
 0
 0
 0
 0
 0
 0
 0
 0
 0
 0
 0
 0
 0
 0
 0
 0
 0
 0
 0
 0
 0
 0
 0
 0
 0
 0
 0
 0
 0
 0
 0
 0
 0
 0
 0
 0
 0
 0
 0
 0
 0
 0
 0
 0
 0
 0
 0
 0
 0
 0
 0
 0
 0
 0
 0
 0
 0
 0
 0
 0
 0
 0
 0
 0
 0
 0
 0
 0
 0
 0
 0
 0
 0
 0
 0
 0
 0
 0
 0
 0
 0
 0
 0
 0
 0
 0
 0
 0
 0
 0
 0
 0
 0
 0
 0
 0
 0
 0
 0
 0
 0
 0
 0
 0
 0
 0
 0
 0
 0
 0
 0
 0
 0
 0
 0
 0
 0
 0
 0
 0
 0
 0
 0
 0
 0
 0
 0
 0
 0
 0
 0
 0
 0
 0
 0
 0
 0
 0
 0
 0
 0
 0
 0
 0
 0
 0
 0
 0
 0
 0
 0
 0
 0
 0
 0
 0
 0
 0
 0
 0
 0
 0
 0
 0
 0
 0
 0
 0
 0
 0
 0
 0
 0
 0
 0
 0
 0
 0
 0
 0
 0
 0
 0
 0
 0
 0
 0
 0
 0
 0
 0
 0
 0
 0
 0
 0
 0
 0
 0
 0
 0
 0
 0
 0
 0
 0
 0
 0
 0
 0
 0
 0
 0
 0
 0
 0
 0
 0
 0
 0
 0
 0
 0
 0
 0
 0
 0
 0
 0
 0
 0
 0
 0
 0
 0
 0
 0
 0
 0
 0
 0
 0
 0
 0
 0
 0
 0
 0
 0
 0
 0
 0
 0
 0
 0
 0
 0
 0
 0
 0
 0
 0
 0
 0
 0
 0
 0
 0
 0
 0
 0
 0
 0
 0
 0
 0
 0
 0
 0
 0
 0
 0
 0
 0
 0
 0
 0
 0
 0
 0
 0
 0
 0
 0
 0
 0
 0
 0
 0
 0
 0
 0
 0
 0
 0
 0
 0
 0
 0
 0
 0
 0
 0
 0
 0
 0
 0
 0
 0
 0
 0
 0
 0
 0
 0
 0
 0
 0
 0
 0
 0
 0
 0
 0
 0
 0
 0
 0
 0
 0
 0
 0
 0
 0
 0
 0
 0
 0
 0
 0
 0
 0
 0
 0
 0
 0
 0
 0
 0
 0
 0
 0
 0
 0
 0
 0
 0
 0
 0
 0
 0
 0
 0
 0
 0
 0
 0
 0
 0
 0
 0
 0
 0
 0
 0
 0
 0
 0
 0
 0
 0
 0
 0
 0
 0
 0
 0
 0
 0
 0
 0.09603457368508612
 Infinity
 1.7094975352564263
 0
 3.097478248924659
 6.194956497849318
 0.8547487676282132